0 1
0 2
0 3
0 4
0 5
0 6
0 7
0 9
0 10
0 13
0 14
0 16
0 17
0 18
0 19
0 23
0 24
0 26
0 28
0 37
0 43
1 6
1 8
1 11
1 12
1 16
1 24
1 31
2 6
2 7
2 8
2 10
2 13
2 39
3 6
3 7
3 9
3 13
3 14
3 34
3 40
4 6
4 7
4 8
4 9
4 11
4 12
4 16
4 17
4 19
4 20
4 27
4 33
4 34
4 38
4 41
4 45
5 8
5 10
5 12
5 14
5 19
5 21
5 25
5 27
5 36
5 42
5 43
6 7
6 9
6 10
6 11
6 12
6 13
6 15
6 18
6 21
6 23
6 24
6 29
6 30
6 33
6 40
6 44
7 8
7 13
7 15
7 16
7 17
7 25
7 29
7 38
7 41
8 9
8 11
8 12
8 15
8 17
8 19
8 23
8 25
8 27
8 28
8 32
8 44
8 47
9 10
9 11
9 16
9 17
9 18
9 30
9 31
9 43
9 44
10 15
10 22
10 32
10 34
10 37
10 39
10 40
11 14
11 20
11 21
11 29
11 30
11 31
11 33
12 19
12 22
12 40
12 44
13 14
13 23
13 24
13 25
13 36
13 46
14 15
14 18
14 20
14 31
14 34
14 45
15 22
16 24
16 26
16 30
16 36
16 37
16 47
17 18
17 20
17 21
17 23
17 33
17 35
17 38
18 21
18 22
18 27
18 30
18 32
18 37
18 39
18 42
19 20
19 22
19 26
19 28
19 36
19 44
20 26
20 31
20 35
20 41
20 49
21 45
21 46
22 26
22 28
22 29
22 34
22 41
22 45
22 48
22 49
23 25
23 27
24 35
24 40
25 42
25 47
25 48
26 29
26 32
26 35
26 38
26 42
26 49
27 28
27 41
28 33
28 39
28 42
29 32
30 35
32 37
32 43
32 47
33 36
34 38
35 39
35 48
37 43
37 45
37 46
37 49
38 47
41 48
43 46
44 46
45 49
46 48
