0 1
0 2
0 3
0 4
0 5
0 6
0 7
0 8
0 10
0 11
0 12
0 14
0 17
0 20
0 21
0 23
0 25
0 26
0 30
0 31
0 32
0 34
0 36
0 37
0 39
0 47
0 48
1 8
1 9
1 13
1 14
1 15
1 21
1 23
1 27
1 29
1 33
2 6
2 7
2 8
2 9
2 11
2 18
2 26
2 29
2 47
2 48
3 6
3 7
3 12
3 15
3 24
3 41
3 43
3 49
4 6
4 12
4 17
5 6
5 7
5 10
5 11
5 14
5 18
5 19
5 28
5 29
5 30
5 38
5 43
6 7
6 8
6 9
6 11
6 12
6 13
6 15
6 17
6 20
6 22
6 31
6 42
6 46
7 8
7 9
7 10
7 12
7 13
7 17
7 18
7 19
7 21
7 22
7 25
7 27
7 28
7 30
7 33
7 34
7 40
7 44
8 9
8 10
8 19
8 24
8 27
8 29
8 36
9 10
9 11
9 16
9 20
9 32
9 35
9 36
9 41
9 45
9 49
10 13
10 37
11 14
11 16
11 22
11 25
11 27
11 34
11 35
11 40
11 43
11 49
12 13
12 15
12 19
12 21
12 22
12 23
12 34
12 37
12 39
12 47
13 14
13 15
13 16
13 18
13 24
13 25
13 27
13 28
13 32
13 38
13 39
13 40
13 43
13 48
13 49
14 16
14 19
14 24
14 37
14 39
15 16
15 17
15 18
15 20
15 22
15 26
15 28
15 31
15 33
15 36
15 38
15 45
15 47
15 48
16 45
17 21
17 32
17 33
18 20
18 23
18 26
18 41
18 42
19 24
19 26
19 31
19 38
19 44
19 46
20 28
20 30
20 35
20 49
21 29
21 33
21 37
22 23
22 35
22 40
22 43
23 25
23 40
24 46
25 44
26 35
27 34
28 30
28 38
28 45
28 48
29 32
29 46
30 31
30 36
30 42
30 46
31 44
32 39
32 41
32 45
33 47
35 42
37 42
40 41
41 44
