0 1
0 2
0 3
0 4
0 5
0 6
0 7
0 8
0 9
0 10
0 13
0 18
0 20
0 21
0 26
0 37
0 38
1 7
1 9
1 12
1 18
1 19
1 20
1 23
1 39
1 44
1 47
2 6
3 6
3 7
3 8
3 10
3 11
3 12
3 17
3 24
3 38
3 41
3 44
4 6
4 9
4 10
4 11
4 15
4 18
4 23
4 30
5 6
5 7
5 8
5 9
5 11
5 13
5 16
5 20
5 21
5 22
5 28
5 31
5 34
5 48
6 7
6 8
6 11
6 12
6 13
6 14
6 16
6 18
6 21
6 23
6 24
6 25
6 27
6 28
6 32
6 33
6 35
6 37
6 43
6 45
6 46
7 8
7 10
7 12
7 14
7 17
7 19
7 25
7 26
7 28
7 29
7 31
7 35
7 39
7 45
7 47
7 48
7 49
8 9
8 11
8 14
8 16
8 17
8 22
8 23
8 24
8 25
8 26
8 29
8 31
8 36
8 45
9 10
9 14
9 15
9 17
9 19
9 22
9 29
9 33
9 35
9 36
9 39
9 40
9 42
10 13
10 15
10 16
10 24
10 25
10 30
10 32
10 34
10 43
11 12
11 15
11 17
11 27
11 28
11 31
11 36
11 37
11 38
11 49
12 13
12 16
12 18
12 24
12 27
12 29
12 41
12 47
13 14
13 19
13 20
13 21
13 23
13 26
13 32
13 33
13 36
13 43
14 15
14 19
14 21
14 44
15 20
15 22
15 25
15 30
15 42
17 33
17 35
17 39
17 46
18 31
18 34
19 22
19 26
19 28
19 38
19 41
19 42
19 46
20 30
20 35
21 33
21 40
22 27
22 29
22 41
23 32
23 34
23 38
23 40
24 30
24 41
26 27
26 37
26 44
26 45
26 46
27 36
27 49
28 46
28 49
29 37
30 32
30 34
32 40
32 42
32 49
33 48
35 40
36 44
36 45
36 47
36 48
37 39
37 43
38 43
38 48
39 42
44 47
