0 1
0 2
0 3
0 4
0 5
0 6
0 7
0 8
0 9
0 10
0 12
0 13
0 14
0 15
0 16
0 17
0 19
0 21
0 24
0 26
0 28
0 29
0 30
0 33
0 41
0 43
0 44
0 47
1 6
1 27
1 34
1 46
1 48
2 6
2 7
2 11
2 13
2 14
2 15
2 18
2 19
2 25
2 31
2 32
2 34
2 42
2 45
3 6
3 7
3 8
3 10
3 12
3 13
3 15
3 16
3 21
3 24
3 27
3 28
3 30
3 36
3 37
3 42
3 43
3 47
3 49
5 6
5 7
5 8
5 9
5 12
5 35
5 45
6 7
6 8
6 9
6 10
6 11
6 13
6 14
6 16
6 18
6 21
6 24
6 26
6 28
6 29
6 32
6 33
6 34
6 36
6 37
6 39
6 41
7 8
7 9
7 10
7 11
7 12
7 17
7 20
7 21
7 26
7 27
7 29
7 34
7 36
8 9
8 10
8 11
8 12
8 14
8 15
8 16
8 18
8 20
8 22
8 23
8 28
8 30
8 31
8 32
8 35
8 36
8 37
8 49
9 11
9 14
9 17
9 22
9 23
9 27
9 35
9 41
10 23
10 29
10 36
10 40
10 42
10 46
11 13
11 17
11 19
11 20
11 25
11 39
11 40
11 44
11 46
12 15
12 16
12 19
12 38
12 45
12 47
12 49
13 17
13 18
13 46
14 22
14 24
14 34
14 39
14 42
14 43
14 44
15 38
16 22
16 26
16 31
16 37
16 44
16 46
16 47
17 18
17 30
17 33
17 40
17 45
17 48
18 19
18 20
18 21
18 22
18 24
18 35
18 41
18 49
19 20
19 23
19 25
19 27
19 39
19 40
19 45
21 26
21 32
21 33
22 23
22 25
22 39
22 48
23 25
23 44
24 28
24 29
24 41
25 30
25 33
25 47
27 32
27 35
27 37
27 43
27 48
28 31
29 31
29 38
34 42
35 38
35 43
37 38
37 40
37 48
41 49
