0 1
0 2
0 3
0 4
0 5
0 6
0 7
0 8
0 10
0 11
0 12
0 13
0 14
0 15
0 17
0 19
0 21
0 25
0 28
0 29
0 31
0 34
0 36
0 40
1 6
1 8
1 9
1 11
1 16
1 17
1 37
1 39
1 42
2 6
2 7
2 17
2 22
2 28
2 42
2 44
3 6
3 7
3 9
3 14
3 22
3 27
3 32
3 39
4 13
4 15
4 16
4 18
4 23
4 24
4 29
4 31
4 40
4 45
4 47
5 6
5 7
5 8
5 9
5 12
5 13
5 15
5 16
5 20
5 21
5 37
6 7
6 8
6 9
6 10
6 11
6 12
6 13
6 14
6 16
6 17
6 18
6 19
6 20
6 21
6 26
6 28
6 31
6 33
6 37
6 38
6 42
6 44
6 45
6 49
7 8
7 9
7 10
7 11
7 12
7 13
7 15
7 19
7 22
7 23
7 25
7 26
7 31
7 32
7 34
7 42
7 45
7 49
8 10
8 15
8 18
8 22
8 25
8 30
8 32
8 34
8 35
8 38
8 47
9 10
9 11
9 27
9 28
9 33
9 42
9 43
10 12
10 14
10 23
10 24
10 26
10 34
10 41
10 48
11 20
11 25
11 34
11 40
12 14
12 20
12 27
12 32
12 43
12 48
13 18
13 24
13 36
13 46
14 16
14 21
14 26
14 46
14 47
15 17
15 19
15 22
15 23
15 24
15 33
16 18
16 20
17 35
18 19
18 21
18 38
18 43
19 23
19 27
19 30
19 36
19 38
19 43
19 44
20 25
20 29
20 30
20 31
20 39
20 41
20 45
20 48
21 28
21 32
21 35
21 36
21 38
21 39
21 44
21 46
22 26
23 24
23 40
23 41
24 30
24 48
25 27
25 29
25 36
25 43
26 33
27 29
27 35
28 30
28 33
28 49
29 48
30 37
32 46
32 47
33 37
34 35
34 39
34 46
34 49
35 41
36 47
37 41
38 40
39 44
41 45
43 49
