0 1
0 2
0 3
0 4
0 5
0 6
0 7
0 8
0 9
0 10
0 11
0 12
0 13
0 14
0 15
0 16
0 19
0 20
0 21
0 22
0 23
0 24
0 28
0 30
0 33
0 39
0 42
1 6
1 7
1 10
1 20
1 26
1 47
2 6
2 7
2 9
2 14
2 18
3 7
3 8
3 10
3 16
3 17
3 18
3 22
3 38
3 45
3 46
4 6
4 8
4 11
4 15
4 30
4 36
5 6
5 9
5 15
5 20
5 21
5 22
5 24
5 25
5 26
5 27
5 28
5 29
5 31
5 36
5 41
6 7
6 8
6 9
6 11
6 12
6 13
6 16
6 18
6 19
6 21
6 22
6 23
6 30
6 32
6 34
6 35
6 38
6 39
6 40
6 47
6 49
7 8
7 9
7 10
7 11
7 12
7 16
7 17
7 27
7 37
7 41
7 45
8 13
8 28
8 35
8 37
8 41
8 43
8 48
9 10
9 12
9 14
9 15
9 18
9 21
9 26
9 27
9 30
9 34
9 36
9 42
10 11
10 12
10 14
10 17
10 24
10 27
10 28
10 29
10 31
10 35
10 37
10 40
10 41
10 44
10 47
11 13
11 15
11 19
11 28
11 31
11 39
11 43
11 44
11 49
12 13
12 16
12 18
12 19
12 20
12 25
12 27
12 33
12 40
13 14
13 17
13 42
14 25
14 34
14 42
15 32
15 43
15 44
15 48
16 17
16 20
16 23
16 24
16 26
16 31
16 32
16 33
16 36
17 25
17 38
17 45
18 19
18 23
18 32
18 40
19 29
19 33
19 38
20 21
20 22
20 23
20 25
20 26
20 30
20 35
20 43
20 46
21 24
21 33
21 34
22 32
23 40
23 45
24 34
24 39
26 29
26 41
26 49
27 29
27 42
27 48
28 31
28 36
28 37
28 38
28 46
28 47
32 35
33 44
33 48
34 37
36 45
38 39
38 44
39 47
40 46
40 48
41 43
41 49
42 49
44 46
