0 1
0 2
0 3
0 4
0 5
0 6
0 7
0 8
0 9
0 11
0 12
0 13
0 14
0 17
0 18
0 19
0 21
0 25
0 29
0 30
0 32
0 33
0 36
0 47
1 10
1 18
1 25
1 40
2 6
2 7
2 15
2 16
2 17
2 18
2 19
2 20
2 22
2 23
2 28
2 29
2 33
2 35
2 41
2 45
3 6
3 7
3 10
3 21
3 24
3 25
3 27
3 28
3 29
3 32
3 34
4 6
4 7
4 8
4 12
4 18
4 20
4 24
4 33
4 39
4 47
4 48
5 6
5 7
5 8
5 9
5 10
5 11
5 12
5 13
5 17
5 20
5 21
5 26
5 31
5 32
5 36
5 38
5 42
5 43
5 44
5 48
6 8
6 9
6 11
6 12
6 14
6 15
6 16
6 20
6 22
6 23
6 24
6 37
6 39
6 42
6 44
6 46
7 8
7 9
7 10
7 11
7 13
7 14
7 19
7 27
7 34
7 41
7 45
7 47
8 9
8 10
8 12
8 13
8 14
8 17
8 19
8 24
8 32
8 36
8 37
8 40
8 41
8 45
8 47
9 15
9 19
9 26
9 31
10 11
10 13
10 15
10 22
10 26
10 30
10 35
10 38
10 40
10 42
11 16
11 30
12 14
12 15
12 16
12 25
12 26
12 31
12 34
12 35
12 43
13 16
13 21
13 27
13 28
13 32
13 35
13 41
13 43
14 17
14 18
14 28
14 44
14 46
15 23
15 24
15 27
15 30
15 48
17 20
17 25
17 26
17 38
17 46
18 21
18 22
18 28
18 31
18 35
18 39
18 47
19 22
19 34
20 23
20 33
20 45
21 43
22 23
22 30
22 37
22 49
24 27
24 29
24 36
25 29
25 38
26 39
28 31
28 34
28 36
28 40
29 46
30 40
30 43
30 49
31 33
32 42
32 49
33 37
33 38
33 39
33 41
33 48
34 37
36 42
40 44
40 46
40 49
41 49
42 44
42 45
45 48
