0 1
0 2
0 3
0 4
0 5
0 6
0 7
0 9
0 10
0 11
0 12
0 13
0 14
0 15
0 17
0 18
0 19
0 24
0 25
0 27
0 29
0 30
0 31
0 33
0 37
0 41
0 45
0 47
0 48
1 6
1 8
1 10
1 16
1 19
1 27
1 34
2 6
2 7
2 8
2 12
2 13
2 14
2 15
2 17
2 19
2 28
2 34
2 35
2 36
3 7
3 9
3 10
3 12
3 16
3 17
3 22
3 23
3 25
3 28
3 30
3 36
3 43
3 46
3 48
3 49
4 6
4 20
5 6
5 7
5 8
5 9
5 10
5 11
5 15
5 16
5 18
5 20
5 25
5 29
5 45
6 7
6 8
6 11
6 13
6 15
6 23
6 26
6 27
6 34
6 39
6 41
6 44
6 47
7 8
7 9
7 10
7 14
7 18
7 19
7 22
7 23
7 27
7 28
7 29
7 36
7 37
7 39
7 46
8 9
8 11
8 12
8 13
8 15
8 16
8 18
8 20
8 21
8 23
8 26
8 34
8 39
8 40
8 49
9 12
9 14
9 17
9 19
9 20
9 24
9 26
9 29
9 32
9 35
9 41
9 46
10 11
10 13
10 14
10 22
10 24
11 21
11 35
11 36
11 43
11 44
11 46
12 16
12 28
12 29
12 32
12 37
12 40
12 47
13 17
13 21
13 22
13 30
13 33
14 18
14 20
14 28
14 41
14 42
15 21
15 23
15 24
15 25
15 30
15 31
15 38
15 44
15 45
15 48
16 31
16 38
16 39
17 22
17 26
17 35
17 38
17 48
17 49
18 46
19 31
19 33
19 42
20 21
20 27
21 30
21 32
21 40
22 31
22 39
23 24
23 42
23 43
24 25
24 26
24 32
24 47
24 48
24 49
25 44
26 33
26 38
27 34
28 32
28 35
29 38
30 36
31 37
32 33
32 42
32 44
34 37
34 42
34 43
37 41
37 43
38 40
38 45
38 49
39 40
42 45
42 47
