0 1
0 2
0 3
0 4
0 5
0 6
0 7
0 8
0 9
0 10
0 11
0 12
0 13
0 14
0 16
0 17
0 19
0 21
0 22
0 24
0 27
0 30
0 34
0 36
0 38
0 43
0 44
0 46
1 7
1 9
1 10
1 13
1 14
1 20
1 22
2 6
2 8
2 14
2 15
2 26
2 27
2 30
2 45
2 47
3 6
3 7
3 11
3 23
4 6
4 7
4 8
4 9
4 10
4 11
4 12
4 13
4 18
4 23
4 27
4 34
4 39
4 42
4 43
4 44
5 6
5 7
5 9
5 10
5 11
5 12
5 27
5 30
5 40
5 46
6 8
6 9
6 11
6 15
6 16
6 21
6 28
6 49
7 8
7 15
7 18
7 24
7 36
7 40
7 48
8 10
8 15
8 16
8 17
8 19
8 21
8 22
8 29
8 33
8 34
8 41
9 12
9 14
9 26
9 28
9 40
10 12
10 13
10 17
10 20
10 25
10 28
10 29
10 31
10 33
10 36
10 40
10 42
11 15
11 19
11 20
11 25
11 26
11 29
11 39
11 41
12 13
12 28
12 29
12 32
13 14
13 18
13 20
13 22
13 23
13 24
13 33
14 16
14 17
14 18
14 38
15 16
15 37
15 48
16 17
16 25
16 37
16 41
16 49
17 18
17 19
17 21
17 30
17 33
17 37
17 39
17 43
17 44
17 46
18 19
18 20
18 21
18 22
18 26
18 28
18 39
18 43
18 48
19 23
19 24
19 35
19 45
19 47
19 49
20 23
20 25
20 31
20 35
20 41
22 25
22 31
22 32
22 45
22 49
23 24
23 32
23 47
24 29
24 37
24 39
24 48
25 26
25 27
25 31
25 36
26 47
27 32
27 33
27 34
27 44
27 45
29 30
29 31
29 32
29 36
29 41
29 42
29 45
29 46
30 35
30 37
30 38
31 35
32 38
32 43
32 46
32 49
33 34
33 38
34 35
36 40
37 42
40 42
40 44
45 47
46 48
