0 1
0 2
0 3
0 4
0 5
0 6
0 7
0 8
0 9
0 11
0 13
0 14
0 15
0 16
0 18
0 19
0 20
0 29
0 36
0 42
0 46
0 49
1 6
1 7
1 8
1 10
1 15
1 20
1 39
2 6
2 9
2 12
2 21
2 26
2 33
2 42
2 48
2 49
3 6
3 7
3 9
3 12
3 23
3 26
3 33
3 47
4 7
4 8
4 10
4 11
4 15
4 18
4 19
4 20
4 23
4 25
4 27
4 30
4 32
4 34
4 35
4 38
4 39
4 40
4 42
5 6
5 8
5 11
5 12
5 13
5 15
5 17
5 19
5 22
5 24
5 37
5 39
5 46
6 7
6 9
6 10
6 12
6 14
6 17
6 18
6 21
6 23
6 24
6 26
6 31
6 40
6 43
6 44
7 8
7 10
7 11
7 27
8 9
8 11
8 13
8 21
8 22
8 24
8 25
8 28
8 29
8 31
8 32
8 38
8 40
8 41
9 10
9 12
9 13
9 14
9 15
9 16
9 17
9 20
9 21
9 22
9 24
9 26
9 27
9 29
9 37
9 38
10 14
10 16
10 29
10 45
11 13
11 16
11 18
11 21
11 25
11 31
11 32
11 35
11 36
11 38
11 43
11 46
11 48
12 14
12 16
12 18
12 19
12 22
12 23
12 30
12 33
12 35
13 17
13 19
13 45
13 47
14 17
14 20
14 27
14 31
14 42
15 23
15 25
15 34
15 43
16 26
16 28
16 30
16 41
16 43
17 40
17 44
18 22
18 24
18 25
18 35
18 41
19 27
19 28
19 37
19 39
19 41
19 45
20 35
20 38
20 39
21 30
22 32
23 28
23 34
23 46
24 36
25 28
25 36
25 37
25 40
25 48
26 30
26 31
26 41
26 49
27 29
27 32
27 33
29 48
30 33
30 34
31 34
31 37
31 47
32 45
33 44
33 45
34 36
34 44
35 42
35 47
35 49
36 49
38 44
38 46
41 43
41 48
44 47
